{
  "advancedEditorSelectedIdentifier" : "ProjectBrowser",
  "openSceneRelativePaths" : [
    "Immersive.usda",
    "Scene.usda"
  ],
  "recentIdentifiers" : {
    "D66134B1-3681-4A8E-AFE5-29F257229F3B" : [

    ]
  },
  "sceneCameraHistory" : {
    "AF09ED6F-1707-48FD-8720-65B998362C09" : [
      {
        "date" : 710771033.059582,
        "title" : "Untitled",
        "transform" : [
          0.99995416402816772,
          0.00038240294088609517,
          -0.00956722442060709,
          0,
          -0.007631674874573946,
          0.63525861501693726,
          -0.77226167917251587,
          0,
          0.0057823443785309792,
          0.77229934930801392,
          0.63523238897323608,
          0,
          -0.38513690233230591,
          2.1515638828277588,
          -0.8838573694229126,
          1
        ]
      },
      {
        "date" : 710771025.37578297,
        "title" : "Untitled",
        "transform" : [
          0.99977415800094604,
          -9.5474794736816193e-11,
          0.02125079371035099,
          0,
          0.016852233558893204,
          0.60920006036758423,
          -0.79283756017684937,
          0,
          -0.012945984490215778,
          0.79301661252975464,
          0.60906249284744263,
          0,
          -0.052794676274061203,
          3.2339808940887451,
          -0.50742053985595703,
          1
        ]
      }
    ],
    "D66134B1-3681-4A8E-AFE5-29F257229F3B" : [
      {
        "date" : 710782063.83671606,
        "title" : "Untitled",
        "transform" : [
          -0.98387199640274048,
          -6.830145139247179e-05,
          -0.17887407541275024,
          0,
          -0.048363965004682541,
          0.96285521984100342,
          0.26565161347389221,
          0,
          0.17221169173717499,
          0.27001821994781494,
          -0.94732958078384399,
          0,
          0.053051888942718506,
          0.050255570560693741,
          -0.24855479598045349,
          1
        ]
      },
      {
        "date" : 710782057.07044494,
        "title" : "Untitled",
        "transform" : [
          -0.98387199640274048,
          -6.830145139247179e-05,
          -0.17887407541275024,
          0,
          -0.048363965004682541,
          0.96285521984100342,
          0.26565161347389221,
          0,
          0.17221169173717499,
          0.27001821994781494,
          -0.94732958078384399,
          0,
          0.027733776718378067,
          0.033917933702468872,
          -0.18694198131561279,
          1
        ]
      },
      {
        "date" : 710782049.43730795,
        "title" : "Untitled",
        "transform" : [
          -0.98387199640274048,
          -6.830145139247179e-05,
          -0.17887407541275024,
          0,
          -0.048363965004682541,
          0.96285521984100342,
          0.26565161347389221,
          0,
          0.17221169173717499,
          0.27001821994781494,
          -0.94732958078384399,
          0,
          0.028837116435170174,
          0.035267304629087448,
          -0.19437915086746216,
          1
        ]
      },
      {
        "date" : 710782043.27070999,
        "title" : "Untitled",
        "transform" : [
          -0.98387199640274048,
          -6.830145139247179e-05,
          -0.17887407541275024,
          0,
          -0.048363965004682541,
          0.96285521984100342,
          0.26565161347389221,
          0,
          0.17221169173717499,
          0.27001821994781494,
          -0.94732958078384399,
          0,
          0.054510660469532013,
          0.066665612161159515,
          -0.36743387579917908,
          1
        ]
      },
      {
        "date" : 710782038.77043903,
        "title" : "Untitled",
        "transform" : [
          -0.98387199640274048,
          -6.830145139247179e-05,
          -0.17887407541275024,
          0,
          -0.048363965004682541,
          0.96285521984100342,
          0.26565161347389221,
          0,
          0.17221169173717499,
          0.27001821994781494,
          -0.94732958078384399,
          0,
          0.26173996925354004,
          0.32010349631309509,
          -1.7642809152603149,
          1
        ]
      },
      {
        "date" : 710782036.92084599,
        "title" : "Untitled",
        "transform" : [
          -0.98387199640274048,
          -6.830145139247179e-05,
          -0.17887407541275024,
          0,
          -0.048363965004682541,
          0.96285521984100342,
          0.26565161347389221,
          0,
          0.17221169173717499,
          0.27001821994781494,
          -0.94732958078384399,
          0,
          0.037687867879867554,
          0.046091612428426743,
          -0.25403833389282227,
          1
        ]
      },
      {
        "date" : 710782024.65397298,
        "title" : "Untitled",
        "transform" : [
          -0.98387199640274048,
          -6.830145139247179e-05,
          -0.17887407541275024,
          0,
          -0.048363965004682541,
          0.96285521984100342,
          0.26565161347389221,
          0,
          0.17221169173717499,
          0.27001821994781494,
          -0.94732958078384399,
          0,
          0.24104484915733337,
          0.05255928635597229,
          -0.34339940547943115,
          1
        ]
      },
      {
        "date" : 710782022.83744395,
        "title" : "Untitled",
        "transform" : [
          -0.98387199640274048,
          -6.830145139247179e-05,
          -0.17887407541275024,
          0,
          -0.048363965004682541,
          0.96285521984100342,
          0.26565161347389221,
          0,
          0.17221169173717499,
          0.27001821994781494,
          -0.94732958078384399,
          0,
          0.30563944578170776,
          0.05256381630897522,
          -0.33165574073791504,
          1
        ]
      },
      {
        "date" : 710782009.33660305,
        "title" : "Untitled",
        "transform" : [
          -0.99995607137680054,
          -1.1043709235991628e-07,
          0.0093784807249903679,
          0,
          0.0012271266896277666,
          0.9914013147354126,
          0.13085085153579712,
          0,
          -0.0092978524044156075,
          0.13085660338401794,
          -0.99135768413543701,
          0,
          -0.033491693437099457,
          0.044969376176595688,
          -0.39546987414360046,
          1
        ]
      },
      {
        "date" : 710781981.98687696,
        "title" : "Untitled",
        "transform" : [
          -0.99995607137680054,
          -1.1043709235991628e-07,
          0.0093784807249903679,
          0,
          0.0012271266896277666,
          0.9914013147354126,
          0.13085085153579712,
          0,
          -0.0092978524044156075,
          0.13085660338401794,
          -0.99135768413543701,
          0,
          -0.038394000381231308,
          0.051551718264818192,
          -0.45335632562637329,
          1
        ]
      }
    ]
  },
  "selectedSceneRelativePath" : "Scene.usda"
}